
T3pop = [    

    2.0000    2.0000    2.0000    2.0000    2.0000    2.0000    1.0000    1.6837    0.6521    1.6353
    2.0000    2.0000    2.0000    2.0000    2.0000    2.0000    1.0000    1.6854    0.7417    0.8000
    2.0000    2.0000    2.0000    2.0000    2.0000    2.0000    1.0000    1.6854    0.7417    0.8000
    2.0000    2.0000    2.0000    2.0000    2.0000    2.0000    1.0000    1.6301    0.6522    0.7939
    2.0000    2.0000    2.0000    2.0000    2.0000    2.0000    1.0000    1.6301    0.6522    0.7939
    7.0000    7.0000    4.0000    1.0000    2.0000    3.0000    1.0000    1.7087    0.6375    1.9252
    2.0000    2.0000    9.0000    2.0000    2.0000    2.0000    1.0000    1.9093    0.2483    0.1895
    5.0000    2.0000    3.0000   10.0000    2.0000    2.0000    1.0000    1.6346    0.7120    0.7957
    2.0000    2.0000    2.0000    2.0000    2.0000    2.0000    1.0000    1.6730    0.7884    0.8015
    8.0000    6.0000    3.0000    9.0000    2.0000    2.0000    1.0000    1.8557    0.6398    0.9375
    6.0000    2.0000    5.0000    8.0000    3.0000    6.0000    3.0000    1.6759    0.6752    0.1159
    2.0000    2.0000    4.0000    4.0000    2.0000    2.0000    3.0000    1.6907    0.2386    0.6845
    4.0000    2.0000    2.0000    2.0000    4.0000    4.0000    1.0000    1.6200    1.7681    0.8074
    7.0000    4.0000    2.0000    2.0000    3.0000    4.0000    1.0000    1.6856    0.1622    0.8379
    2.0000    3.0000    4.0000    5.0000    4.0000    2.0000    2.0000    3.4617    1.4327    0.2470
    4.0000    1.0000    2.0000    4.0000    3.0000    2.0000    2.0000    1.5986    0.6453    0.2434
    2.0000    3.0000    4.0000    2.0000    3.0000    2.0000    2.0000    1.4185    0.5747    0.2235
    2.0000    2.0000    2.0000    2.0000    2.0000    2.0000    1.0000    1.6854    0.7417    0.8000
    2.0000    4.0000    7.0000    2.0000    2.0000    2.0000    1.0000    1.7692    0.6520    0.8079
    1.0000    1.0000    3.0000    1.0000    2.0000    3.0000    1.0000    1.6061    0.6112    0.1972
    2.0000    3.0000    2.0000    2.0000    4.0000    4.0000    1.0000    1.6877    0.4915    0.2115
    3.0000    2.0000    3.0000    4.0000    2.0000    2.0000    2.0000    1.6849    0.6695    0.1739
    2.0000    2.0000    4.0000    3.0000    2.0000    2.0000    1.0000    1.4869    0.6538    0.8788
    2.0000    2.0000    2.0000    2.0000    2.0000    2.0000    1.0000    1.6837    0.6521    1.6353
    8.0000    2.0000    9.0000    7.0000    2.0000    2.0000    1.0000    1.5323    0.6612    0.8333
    2.0000    2.0000    2.0000    2.0000    2.0000    2.0000    1.0000    1.7464    0.6491    0.7721
    4.0000    2.0000    2.0000    2.0000    2.0000    4.0000    1.0000    1.6868    0.7433    0.8000
    2.0000    2.0000    3.0000    2.0000    2.0000    2.0000    1.0000    1.6878    0.5157    0.7757
    2.0000    2.0000    2.0000    7.0000    2.0000    2.0000    1.0000    1.5411    0.7515    0.7407
    1.0000    2.0000    3.0000    2.0000    1.0000    4.0000    1.0000    1.6585    1.9269    0.7641
    3.0000    2.0000    4.0000    7.0000    2.0000    2.0000    1.0000    1.6932    0.8359    0.9133
    9.0000    2.0000    4.0000    9.0000    3.0000    2.0000    1.0000    1.6862    0.7254    0.8100
    2.0000    2.0000    2.0000    2.0000    2.0000    2.0000    1.0000    1.6327    0.6503    1.2431
    3.0000    2.0000    2.0000    5.0000    4.0000    2.0000    1.0000    1.8441    0.7353    1.0815
    2.0000    2.0000    2.0000    2.0000    2.0000    2.0000    1.0000    1.6332    0.6505    0.1438
    2.0000    2.0000    2.0000    8.0000    2.0000    2.0000    1.0000    1.7438    0.7428    0.1624
    2.0000    2.0000    3.0000    7.0000    2.0000    5.0000    1.0000    3.7168    0.6489    0.1732
    2.0000    2.0000    6.0000    2.0000    2.0000    2.0000    1.0000    1.7273    0.6507    0.4747
    3.0000    2.0000    6.0000    6.0000    2.0000    2.0000    1.0000    1.5082    0.8185    0.0729
    2.0000    6.0000    8.0000    2.0000    2.0000    2.0000    1.0000    2.5383    0.6513    0.8086
    2.0000    5.0000    2.0000    3.0000    3.0000    2.0000    1.0000    1.6869    0.6548    0.9590
    5.0000    4.0000    4.0000    2.0000    1.0000    3.0000    4.0000    2.2889    0.6659    0.8111
    1.0000    1.0000    1.0000    2.0000    1.0000    2.0000    1.0000    1.6854    0.7417    0.8000
    2.0000    2.0000    1.0000    1.0000    1.0000    2.0000    1.0000    1.7064    0.7676    0.1399
    1.0000    1.0000    3.0000    2.0000    1.0000    1.0000    1.0000    1.6582    0.2906    0.7281
    1.0000    1.0000    1.0000    1.0000    1.0000    1.0000    1.0000    1.7102    0.6272    0.0864
    9.0000    2.0000    3.0000    2.0000    1.0000    3.0000    1.0000    1.6968    0.7361    0.8001
   11.0000    2.0000   11.0000    2.0000    2.0000   11.0000    4.0000    1.3897    1.8051    0.8024
    1.0000    3.0000    4.0000    4.0000    4.0000    1.0000    1.0000    3.4255    0.5943    0.1461
    2.0000    2.0000    7.0000    4.0000    1.0000    1.0000    1.0000    2.5897    1.6544    0.2469
  
    
    4.0000    4.0000    4.0000    4.0000    2.0000    2.0000    1.0000    2.7355    0.3085    0.9999
    4.0000    4.0000    4.0000    4.0000    2.0000    2.0000    1.0000    2.7355    0.3085    0.9999
    4.0000    4.0000    4.0000    4.0000    2.0000    2.0000    1.0000    2.7355    0.3085    0.9999
    4.0000    4.0000    4.0000    4.0000    2.0000    2.0000    1.0000    2.7355    0.3085    0.9999
    4.0000    4.0000    4.0000    4.0000    2.0000    2.0000    1.0000    2.7355    0.3085    0.9999
    4.0000    4.0000    4.0000    4.0000    2.0000    2.0000    1.0000    2.7355    0.3085    0.9999
    4.0000    4.0000    4.0000    4.0000    2.0000    2.0000    1.0000    2.7355    0.3085    0.9999
    5.0000    4.0000    4.0000    5.0000    2.0000    2.0000    1.0000    2.7778    0.2674    0.9999
    4.0000    4.0000    4.0000    4.0000    2.0000    2.0000    1.0000    2.7355    0.3085    0.9998
    4.0000    4.0000    4.0000    4.0000    2.0000    2.0000    1.0000    2.7355    0.3085    0.9999
    4.0000    4.0000    4.0000    4.0000    2.0000    2.0000    1.0000    2.7355    0.3085    0.9999
    4.0000    4.0000    4.0000    4.0000    2.0000    2.0000    1.0000    2.7355    0.3085    0.9999
    4.0000    4.0000    4.0000    4.0000    2.0000    2.0000    1.0000    2.7355    0.3085    0.9999
    4.0000    4.0000    4.0000    4.0000    2.0000    2.0000    1.0000    2.7355    0.3085    0.9999
    4.0000    4.0000    4.0000    3.0000    2.0000    2.0000    1.0000    2.7372    0.3070    0.9999
    4.0000    4.0000    4.0000    4.0000    2.0000    2.0000    1.0000    2.7355    0.3085    0.9998
    4.0000    4.0000    4.0000    4.0000    2.0000    2.0000    1.0000    2.7355    0.3083    0.9998
    4.0000    4.0000    4.0000    4.0000    2.0000    2.0000    1.0000    2.7355    0.3085    0.9999
    4.0000    4.0000    4.0000    4.0000    2.0000    2.0000    1.0000    2.7355    0.3085    0.9999
    4.0000    4.0000    4.0000    4.0000    2.0000    2.0000    1.0000    2.7355    0.3085    0.9999
    4.0000    4.0000    4.0000    4.0000    2.0000    2.0000    1.0000    2.7355    0.3085    0.9999
    4.0000    4.0000    4.0000    4.0000    2.0000    2.0000    1.0000    2.7355    0.3085    0.9999
    4.0000    4.0000    4.0000    4.0000    2.0000    2.0000    1.0000    2.7355    0.3085    0.9999
    4.0000    4.0000    4.0000    4.0000    2.0000    2.0000    1.0000    2.7355    0.3085    0.9999
    4.0000    4.0000    4.0000    4.0000   10.0000    2.0000    1.0000    2.7345    0.3082    0.9999
    4.0000    4.0000    4.0000    4.0000    2.0000    2.0000    1.0000    2.7355    0.3085    0.9998
    4.0000    4.0000    4.0000    4.0000    2.0000    2.0000    1.0000    2.7355    0.3085    0.9999
    4.0000    4.0000    4.0000    4.0000    2.0000    2.0000    1.0000    2.7355    0.3085    0.9999
