
T3pop = [    




    2.0000    2.0000    2.0000    2.0000    2.0000    2.0000    2.0000    2.0000    0.7499    0.4801    0.1125    0.5033    0.1027
    2.0000    2.0000    2.0000    2.0000    2.0000    2.0000    2.0000    2.0000    0.7903    0.4769    0.0928    0.4882    0.1088
    2.0000    2.0000    2.0000    2.0000    2.0000    2.0000    2.0000    2.0000    0.7473    0.4766    0.1155    0.5014    0.1051
    2.0000    2.0000    2.0000    2.0000    2.0000    2.0000    2.0000    2.0000    0.8141    0.4476    0.0943    0.4927    0.1220
    2.0000    2.0000    2.0000    2.0000    2.0000    2.0000    2.0000    2.0000    0.8135    0.4483    0.1107    0.4934    0.1105
    2.0000    2.0000    2.0000    2.0000    2.0000    2.0000    2.0000    2.0000    0.8786    0.4744    0.1013    0.5137    0.1284
    2.0000    2.0000    2.0000    2.0000    2.0000    2.0000    2.0000    2.0000    0.8722    0.4813    0.1105    0.5147    0.1170
    2.0000    2.0000    2.0000    2.0000    2.0000    2.0000    2.0000    2.0000    0.8185    0.4821    0.1090    0.5082    0.1196
    2.0000    2.0000    2.0000    2.0000    2.0000    2.0000    2.0000    2.0000    0.8169    0.4810    0.1143    0.4879    0.1093
    2.0000    2.0000    2.0000    2.0000    2.0000    2.0000    2.0000    2.0000    0.8612    0.4724    0.1078    0.5035    0.1165
    2.0000    2.0000    2.0000    2.0000    2.0000    2.0000    2.0000    2.0000    0.8550    0.4800    0.1121    0.4936    0.1170
    2.0000    2.0000    2.0000    2.0000    2.0000    2.0000    2.0000    2.0000    0.8186    0.4408    0.0904    0.4993    0.1118
    2.0000    2.0000    2.0000    2.0000    2.0000    2.0000    2.0000    2.0000    0.8052    0.4467    0.1113    0.4934    0.1066
    2.0000    2.0000    2.0000    2.0000    2.0000    2.0000    2.0000    2.0000    0.8610    0.4714    0.1076    0.4877    0.1144
    2.0000    2.0000    2.0000    2.0000    2.0000    2.0000    2.0000    2.0000    0.7560    0.4695    0.1104    0.4990    0.1021
    2.0000    2.0000    2.0000    2.0000    2.0000    2.0000    2.0000    2.0000    0.7116    0.4789    0.1131    0.4633    0.0972
    2.0000    2.0000    2.0000    2.0000    2.0000    2.0000    2.0000    2.0000    0.8939    0.4824    0.1116    0.5081    0.1204
    2.0000    2.0000    2.0000    2.0000    2.0000    2.0000    2.0000    2.0000    0.7439    0.4701    0.1079    0.4957    0.1138
    2.0000    2.0000    2.0000    2.0000    2.0000    2.0000    2.0000    2.0000    0.8566    0.4747    0.1047    0.4569    0.1049
    2.0000    2.0000    2.0000    2.0000    2.0000    2.0000    2.0000    2.0000    0.8628    0.4800    0.1123    0.4816    0.1155
    2.0000    2.0000    2.0000    2.0000    2.0000    2.0000    2.0000    2.0000    0.8728    0.4757    0.1002    0.5202    0.1260
    2.0000    2.0000    2.0000    2.0000    2.0000    2.0000    2.0000    2.0000    0.8646    0.4787    0.1114    0.4394    0.1216
    2.0000    2.0000    2.0000    2.0000    2.0000    2.0000    2.0000    2.0000    0.7503    0.4769    0.1074    0.4879    0.1114
    2.0000    2.0000    2.0000    2.0000    2.0000    2.0000    2.0000    2.0000    0.8115    0.4728    0.1218    0.4832    0.1219
    2.0000    2.0000    2.0000    2.0000    2.0000    2.0000    2.0000    2.0000    0.8563    0.4788    0.1115    0.5240    0.1258
    2.0000    2.0000    2.0000    2.0000    2.0000    2.0000    2.0000    2.0000    0.8645    0.4774    0.0975    0.5121    0.1607
    2.0000    2.0000    2.0000    2.0000    2.0000    2.0000    2.0000    2.0000    0.7919    0.4764    0.0912    0.4871    0.1098
    2.0000    1.0000    2.0000    2.0000    4.0000    2.0000    2.0000    6.0000    0.7625    0.4725    0.1061    0.4838    0.1098
    2.0000    2.0000    2.0000    2.0000    2.0000    2.0000    2.0000    2.0000    0.8606    0.4706    0.0956    0.4993    0.1088
    2.0000    2.0000    2.0000    2.0000    2.0000    2.0000    2.0000    2.0000    0.8096    0.4482    0.1005    0.4931    0.1062
    2.0000    2.0000    2.0000    2.0000    2.0000    2.0000    2.0000    2.0000    0.8134    0.4887    0.1068    0.5121    0.1232
    2.0000    2.0000    2.0000    2.0000    2.0000    2.0000    2.0000    2.0000    0.8708    0.4795    0.1132    0.3778    0.1037
    2.0000    4.0000    2.0000    2.0000    2.0000    2.0000    2.0000    4.0000    0.7579    0.4689    0.1099    0.5022    0.1027
    1.0000    1.0000    2.0000    2.0000    2.0000    1.0000    1.0000    4.0000    0.8727    0.4816    0.1104    0.4933    0.1143
    1.0000    2.0000    1.0000    2.0000    1.0000    2.0000    1.0000    1.0000    0.8172    0.4800    0.1134    0.4835    0.1225
    2.0000    2.0000    1.0000    1.0000    2.0000    2.0000    2.0000    1.0000    0.8606    0.4800    0.1038    0.4614    0.0715
    2.0000    2.0000    1.0000    1.0000    1.0000    2.0000    4.0000    2.0000    0.8284    0.4825    0.1082    0.5061    0.1222
    2.0000    1.0000    2.0000    1.0000    2.0000    1.0000    2.0000    1.0000    0.5137    0.0867    0.0722    0.7381    0.0723
    1.0000    2.0000    1.0000    1.0000    2.0000    2.0000    1.0000    1.0000    0.8743    0.4775    0.1167    0.4833    0.1214
    1.0000    2.0000    1.0000    2.0000    1.0000    2.0000    1.0000    1.0000    0.8858    0.4669    0.0919    0.5024    0.1194


    2.0000    2.0000    4.0000    4.0000    2.0000    2.0000    2.0000    4.0000    0.9049    0.4848    0.0766    0.4811    0.1605
    2.0000    2.0000    4.0000    4.0000    2.0000    2.0000    2.0000    4.0000    0.9652    0.4853    0.0719    0.4770    0.1604
    2.0000    2.0000    4.0000    4.0000    2.0000    2.0000    2.0000    4.0000    0.9877    0.4849    0.1176    0.4736    0.1591
    2.0000    2.0000    4.0000    4.0000    2.0000    2.0000    2.0000    4.0000    0.9949    0.4859    0.0760    0.4283    0.1606
    2.0000    2.0000    4.0000    4.0000    2.0000    2.0000    2.0000    4.0000    0.9949    0.4859    0.0760    0.4283    0.1606
    2.0000    2.0000    4.0000    2.0000    2.0000    2.0000    1.0000    4.0000    0.9316    0.4821    0.3793    0.5303    0.1629
    2.0000    2.0000    4.0000    3.0000    2.0000    2.0000    4.0000    4.0000    0.9398    0.4837    0.3246    0.5509    0.1724
    2.0000    2.0000    4.0000    3.0000    2.0000    2.0000    4.0000    4.0000    0.9675    0.5102    0.0822    0.4771    0.1597
    2.0000    2.0000    4.0000    3.0000    2.0000    2.0000    4.0000    4.0000    0.9470    0.5016    0.2991    0.5036    0.1564
    2.0000    2.0000    4.0000    1.0000    2.0000    2.0000    3.0000    4.0000    0.9989    0.4893    0.4326    0.5314    0.1602
    2.0000    2.0000    4.0000    5.0000    2.0000    2.0000    4.0000    4.0000    0.9257    0.4815    0.5339    0.4364    0.1614
    2.0000    2.0000    4.0000    2.0000    2.0000    2.0000    1.0000    4.0000    0.9204    0.4854    0.1018    0.4804    0.1631
    2.0000    2.0000    4.0000    4.0000    2.0000    2.0000    3.0000    4.0000    1.0073    0.5069    0.0793    0.4290    0.1607
    2.0000    2.0000    4.0000    4.0000    2.0000    2.0000    3.0000    4.0000    1.0159    0.5029    0.0772    0.4826    0.1624
    2.0000    2.0000    4.0000    3.0000    2.0000    2.0000    4.0000    4.0000    0.9419    0.5104    0.6697    0.4754    0.1601
    2.0000    2.0000    4.0000    2.0000    2.0000    2.0000    4.0000    4.0000    0.9351    0.4975    0.2832    0.5280    0.1645
    2.0000    2.0000    4.0000    2.0000    2.0000    2.0000    2.0000    4.0000    1.3659    0.4883    0.0786    0.4831    0.1633
    2.0000    2.0000    4.0000    2.0000    2.0000    2.0000    2.0000    4.0000    0.9742    0.4908    0.1129    0.4076    0.1599
    2.0000    2.0000    4.0000    1.0000    2.0000    2.0000    3.0000    4.0000    0.9131    0.4951    0.0864    0.5335    0.1577
    2.0000    2.0000    4.0000    4.0000    2.0000    2.0000    2.0000    4.0000    0.9819    0.4828    0.0722    0.4693    0.1605
