
T3pop = [    

    4.0000    9.0000    5.0000    6.0000    5.0000    9.0000    8.0000    2.5879    0.3076    0.4306
    4.0000    9.0000    8.0000    5.0000    4.0000   10.0000    8.0000    2.5474    0.3201    0.4309
    9.0000    4.0000    9.0000    6.0000   10.0000    5.0000    8.0000    2.5793    0.3335    0.5839
    9.0000    4.0000    9.0000    6.0000    5.0000    2.0000    8.0000    2.7219    0.3617    0.5753
    9.0000    4.0000    9.0000    6.0000    5.0000    2.0000    8.0000    2.7219    0.3617    0.5753
    9.0000   10.0000    6.0000    7.0000    7.0000    5.0000    8.0000    3.7678    0.4039    0.3673
    2.0000    2.0000   10.0000    5.0000    6.0000    1.0000    8.0000    2.4881    0.3261    0.5008
    4.0000    3.0000    6.0000    4.0000    6.0000    2.0000    9.0000    2.6217    0.3588    0.6367
    8.0000    6.0000    9.0000    6.0000    5.0000    1.0000    8.0000    2.6572    0.3157    0.3365
    4.0000    6.0000   11.0000    5.0000    6.0000    5.0000    8.0000    2.6277    0.3411    0.4508
    4.0000    9.0000    8.0000    5.0000    5.0000    9.0000    8.0000    2.5859    0.3414    0.4106
    3.0000    3.0000    6.0000    3.0000    5.0000    9.0000    9.0000    2.3249    0.3878    0.3690
   11.0000    9.0000    7.0000    5.0000    8.0000    8.0000    8.0000    3.6914    0.4109    0.5994
    3.0000    3.0000    6.0000    6.0000    4.0000    2.0000    8.0000    2.4176    0.3207    0.5994
    3.0000    3.0000   10.0000    6.0000    6.0000    5.0000    8.0000    1.7442    0.2807    0.1776
    6.0000    2.0000   10.0000    6.0000    8.0000    6.0000    8.0000    2.4928    1.4011    0.4505
    4.0000    8.0000    7.0000    6.0000    5.0000    9.0000    8.0000    2.6693    0.3463    0.4923
    8.0000    5.0000    5.0000    7.0000    7.0000    2.0000    8.0000    2.6862    0.4174    0.6187
    3.0000    4.0000    5.0000    5.0000    6.0000    5.0000    8.0000    2.4507    0.4074    0.3943
   10.0000    9.0000   10.0000    6.0000    6.0000    6.0000    8.0000    2.4853    0.4433    0.4422
    2.0000    3.0000    8.0000    6.0000    5.0000    2.0000    8.0000    2.3990    0.3060    0.5956
    2.0000    6.0000   11.0000    9.0000    6.0000    4.0000    8.0000    2.7410    0.1626    0.4626
    4.0000    9.0000    4.0000    5.0000    8.0000    8.0000    8.0000    2.6375    0.4214    0.4495
    7.0000    6.0000    9.0000    6.0000   10.0000    6.0000    8.0000    2.5161    0.7513    0.3749
    5.0000    8.0000    7.0000    4.0000    2.0000   10.0000    9.0000    2.4947    0.3400    0.3890
    5.0000    9.0000    7.0000    5.0000    3.0000    3.0000    8.0000    2.2230    0.3933    0.5261
    3.0000    6.0000    6.0000    5.0000    7.0000    6.0000    8.0000    1.7965    0.4112    0.4591
    9.0000    3.0000    9.0000    8.0000    5.0000    2.0000    8.0000    3.0990    0.3871    0.6289
    4.0000    4.0000    9.0000    9.0000    6.0000    3.0000    8.0000    2.4930    0.5272    0.4426
    3.0000    7.0000    6.0000    5.0000    6.0000    9.0000    8.0000    2.7786    0.3490    0.8477
    2.0000    3.0000    5.0000    4.0000    5.0000    3.0000    7.0000    2.6767    0.3351    0.3939
    3.0000    3.0000   11.0000    8.0000    7.0000    3.0000    8.0000    2.4676    0.3185    0.4238
    6.0000    3.0000    5.0000    5.0000    7.0000    5.0000    8.0000    2.5362    0.4313    0.4448
    4.0000   10.0000    6.0000    6.0000    5.0000    8.0000    8.0000    2.4248    0.3665    0.4456
    2.0000    5.0000    7.0000    4.0000    5.0000    7.0000    8.0000    2.8179    0.4000    0.3796
    5.0000    3.0000    4.0000    4.0000    5.0000    6.0000    9.0000    2.5057    0.1760    0.5146
    4.0000    9.0000    9.0000    7.0000    3.0000   11.0000    8.0000    2.4100    0.3246    0.4041
    4.0000    7.0000    7.0000    6.0000    7.0000    2.0000    8.0000    2.4626    0.3042    0.4560
    3.0000   10.0000    6.0000    6.0000    6.0000    6.0000    8.0000    2.4875    0.3440    0.5097
    3.0000    4.0000    4.0000    3.0000    4.0000    4.0000    7.0000    2.4256    0.3419    0.4571
    6.0000    4.0000    6.0000    6.0000    5.0000    3.0000    8.0000    2.4812    0.1684    0.4687
    7.0000    7.0000    6.0000    4.0000    6.0000    2.0000    8.0000    2.8139    1.7645    0.4997
    4.0000    5.0000    4.0000    5.0000    4.0000    5.0000    8.0000    1.9609    0.3465    0.4989
    3.0000   10.0000    9.0000   10.0000    3.0000    4.0000    8.0000    2.5083    0.2906    0.6038
    7.0000    3.0000    9.0000   11.0000    7.0000    5.0000    8.0000    1.6464    0.2162    0.5020
    4.0000    3.0000    2.0000    7.0000    5.0000    6.0000    8.0000    2.2877    0.1688    0.4957
    4.0000    4.0000    8.0000    9.0000    6.0000    7.0000    8.0000    2.9991    0.3511    0.6158
   10.0000   10.0000    8.0000    6.0000    5.0000    7.0000    8.0000    2.7677    0.3588    0.5752
    4.0000    3.0000    3.0000    5.0000    7.0000    1.0000    9.0000    4.3291    0.1061    0.6988
    6.0000    6.0000    1.0000    3.0000    8.0000    3.0000    8.0000    2.5268    0.3644    0.4435
    4.0000    2.0000    6.0000   10.0000    7.0000    2.0000    8.0000    2.4153    0.3248    0.5661
    4.0000    6.0000    7.0000    6.0000    6.0000    7.0000    8.0000    2.6159    0.1573    0.4604
    3.0000    2.0000   11.0000    5.0000    6.0000    8.0000    8.0000    2.5363    0.2765    0.4326
    4.0000   10.0000    7.0000    9.0000    7.0000    5.0000    8.0000    2.4865    0.3445    0.6252
   10.0000    5.0000    4.0000    6.0000    5.0000    6.0000    8.0000    2.7978    0.9018    0.5842
   10.0000    8.0000    5.0000   10.0000    9.0000    3.0000    7.0000    1.8321    0.3272    0.3107
    5.0000    3.0000   10.0000    6.0000    6.0000    4.0000    8.0000    2.7675    0.3235    0.5256
   10.0000    9.0000   10.0000    5.0000    8.0000    8.0000    3.0000    2.5280    0.3394    0.3458
    4.0000    6.0000    3.0000    7.0000    5.0000    9.0000    8.0000    2.5884    0.2885    0.4303
    3.0000    9.0000    5.0000    6.0000    4.0000    9.0000    8.0000    2.5872    0.4517    0.4316
    4.0000    7.0000    2.0000    6.0000    6.0000    7.0000    8.0000    1.9176    0.4782    0.5009
    5.0000    5.0000    4.0000    6.0000    8.0000    6.0000    8.0000    2.5707    0.3818    0.3320
    6.0000    6.0000    9.0000    4.0000    5.0000    6.0000    8.0000    2.5878    0.3312    0.6229
    3.0000    9.0000    7.0000    6.0000   10.0000   10.0000    8.0000    3.5761    0.3316    0.5837
    5.0000    6.0000    7.0000    5.0000    6.0000    4.0000    8.0000    2.0361    0.4105    0.5092
    2.0000    8.0000    6.0000    4.0000    4.0000    2.0000    8.0000    1.9422    0.3057    0.1833
    9.0000    5.0000    5.0000   10.0000    3.0000    6.0000   16.0000    1.6299    0.3337    0.3683
    3.0000    6.0000   10.0000    5.0000    7.0000    7.0000    8.0000    2.6122    0.4236    0.4489
    3.0000    7.0000    9.0000    4.0000    2.0000    9.0000    8.0000    2.5421    0.3322    0.4277
    4.0000    6.0000    6.0000    5.0000    7.0000    6.0000    8.0000    2.2032    0.3892    0.5948
    5.0000    2.0000    6.0000    5.0000    7.0000    8.0000    8.0000    2.7219    2.3665    0.5788
    2.0000    6.0000    8.0000    9.0000    6.0000    2.0000    8.0000    1.7443    0.1662    0.4391
    4.0000    6.0000    8.0000    1.0000    7.0000    2.0000    9.0000    2.4045    0.3422    0.5919
   10.0000    3.0000    7.0000    6.0000    9.0000    4.0000    8.0000    2.7708    0.3996    0.5083
    9.0000    4.0000    6.0000   11.0000    6.0000    2.0000    8.0000    2.5771    2.8542    0.5305
    3.0000    6.0000    7.0000    9.0000    3.0000    3.0000    8.0000    2.1831    0.3574    0.2215
   10.0000    4.0000   11.0000    6.0000    6.0000    5.0000    8.0000    1.7525    0.4233    0.4648
   10.0000    9.0000    7.0000    5.0000    9.0000    5.0000    8.0000    2.4952    0.6633    0.4800
    5.0000    7.0000    5.0000    5.0000    6.0000    3.0000    4.0000    2.0161    0.3307    0.5014
