
T3pop = [    


    4.0000    4.0000    4.0000    4.0000    2.0000    2.0000    1.8167    0.2322    0.7576
    4.0000    4.0000    4.0000    4.0000    2.0000    2.0000    1.8167    0.2322    0.7576
    4.0000    4.0000    4.0000    4.0000    2.0000    2.0000    1.8167    0.2321    0.7576
    4.0000    4.0000    4.0000    4.0000    2.0000    2.0000    1.8167    0.2322    0.7576
    4.0000    4.0000    4.0000    4.0000    2.0000    2.0000    1.8167    0.2321    0.7576
    4.0000    4.0000    4.0000    4.0000    2.0000    2.0000    1.8161    0.2294    0.7575
    4.0000    5.0000    2.0000    4.0000    2.0000    2.0000    1.8127    0.2328    0.7631
    3.0000    4.0000    4.0000    3.0000    1.0000    2.0000    1.8168    0.2321    0.7576
    5.0000    5.0000    4.0000    4.0000    2.0000    2.0000    1.8167    0.2324    0.7576
    3.0000    4.0000    4.0000    4.0000    2.0000    2.0000    1.8165    0.2329    0.7575
    4.0000    4.0000    4.0000    4.0000    2.0000    2.0000    1.8167    0.2321    0.7576
    4.0000    4.0000    4.0000    4.0000    2.0000    2.0000    1.8273    0.2271    0.7578
    3.0000    4.0000    8.0000    4.0000    2.0000    2.0000    1.8168    0.2319    0.7576
    4.0000    4.0000    4.0000    4.0000    2.0000    2.0000    1.8163    0.2414    0.7575
    3.0000    3.0000    2.0000    4.0000    4.0000    2.0000    1.8168    0.2319    0.7577
    4.0000    4.0000    4.0000    4.0000    2.0000    2.0000    1.8167    0.2321    0.7576
    4.0000    4.0000    4.0000    4.0000    2.0000    2.0000    1.8043    0.2329    0.7577
    4.0000    4.0000    4.0000    4.0000    2.0000    2.0000    1.8167    0.2321    0.7576
    4.0000    2.0000    4.0000    4.0000    7.0000    2.0000    1.8176    0.2324    0.7585
    9.0000    4.0000    4.0000    4.0000    2.0000    2.0000    1.8167    0.2322    0.7576
    6.0000    3.0000    4.0000    4.0000    2.0000    2.0000    1.8164    0.2323    0.7576
    4.0000    4.0000    4.0000    4.0000    2.0000    2.0000    1.8167    0.2322    0.7576
    3.0000    4.0000    4.0000    4.0000    2.0000    2.0000    1.8166    0.2322    0.7576
    1.0000    4.0000    4.0000    5.0000    2.0000    2.0000    1.8178    0.2290    0.7575
    4.0000    4.0000    4.0000    4.0000    2.0000    2.0000    1.8167    0.2322    0.7576
    5.0000    4.0000    4.0000    4.0000    2.0000    2.0000    1.8166    0.2321    0.7576
    3.0000    4.0000    4.0000    4.0000    2.0000    2.0000    1.8172    0.2388    0.7576
    3.0000    4.0000    4.0000    4.0000    2.0000    2.0000    1.8167    0.2322    0.7575
    4.0000    4.0000    4.0000    4.0000    3.0000    2.0000    1.8181    0.2337    0.7578
    8.0000    4.0000    3.0000    4.0000    4.0000    2.0000    1.8181    0.2337    0.7578
    4.0000    4.0000    4.0000    4.0000    2.0000    2.0000    1.8167    0.2322    0.7576
    3.0000    4.0000    4.0000    3.0000    2.0000    2.0000    1.8167    0.2321    0.7576
    4.0000    1.0000    4.0000    4.0000    7.0000    2.0000    1.8191    0.2324    0.7576
    2.0000    4.0000    4.0000    4.0000    2.0000    2.0000    1.8165    0.2327    0.7576
    4.0000    4.0000    4.0000    4.0000    2.0000    2.0000    1.8167    0.2322    0.7575
    4.0000    5.0000    3.0000    5.0000    2.0000    2.0000    1.8168    0.2322    0.7579
    4.0000    4.0000    4.0000    4.0000    2.0000    2.0000    1.8167    0.2322    0.7576
    4.0000    3.0000    4.0000    4.0000    2.0000    2.0000    1.8178    0.2327    0.7579
    4.0000    4.0000    4.0000    4.0000    2.0000    2.0000    1.8166    0.2321    0.7579
    6.0000    4.0000    4.0000    4.0000    1.0000    2.0000    1.8165    0.2325    0.7575
    4.0000    4.0000    4.0000    4.0000    2.0000    2.0000    1.8168    0.2285    0.7578
    4.0000    3.0000    5.0000    3.0000    2.0000    1.0000    1.8178    0.2311    0.7579
    3.0000    4.0000    4.0000    4.0000    1.0000    2.0000    1.8167    0.2322    0.7576
    3.0000    4.0000    3.0000    3.0000    2.0000    2.0000    0.9054    0.1199    0.7870
    4.0000    3.0000    5.0000    4.0000    2.0000    1.0000    1.8167    0.2321    0.7575
    4.0000    1.0000    4.0000    3.0000    2.0000    1.0000    1.8040    0.2377    0.7579
   10.0000   11.0000    2.0000    2.0000    2.0000    1.0000    1.8939    0.1639    0.7755
    3.0000    3.0000    5.0000    4.0000    1.0000    2.0000    1.8171    0.2335    0.7577
    6.0000    3.0000    4.0000    3.0000    2.0000    1.0000    1.8401    0.2109    0.7632
    1.0000    1.0000    1.0000    2.0000    2.0000    1.0000    1.8167    0.2321    0.7576


        4.0000    2.0000    2.0000    2.0000    2.0000    2.0000    1.8216    0.3030    0.7343
    4.0000    2.0000    2.0000    2.0000    2.0000    2.0000    1.8111    0.2577    0.7593
    4.0000    2.0000    2.0000    2.0000    2.0000    2.0000    1.8110    0.2575    0.7496
    4.0000    2.0000    2.0000    2.0000    2.0000    2.0000    1.8074    0.2558    0.7627
    4.0000    2.0000    2.0000    2.0000    2.0000    2.0000    1.8108    0.2563    0.7550
    4.0000    5.0000    2.0000    2.0000    2.0000    2.0000    1.8224    0.2292    0.7700
    4.0000    2.0000    3.0000    2.0000    2.0000    2.0000    1.8301    0.2511    0.7016
    4.0000    3.0000    6.0000    1.0000    2.0000    2.0000    1.8179    0.2333    0.7307
    4.0000    2.0000    2.0000    2.0000    2.0000    2.0000    1.8108    0.2379    0.7467
    4.0000    2.0000    2.0000    2.0000    2.0000    2.0000    1.8112    0.2557    0.7593
    4.0000    2.0000    2.0000    2.0000    2.0000    2.0000    1.8314    0.2568    0.6857
    4.0000    2.0000    2.0000    2.0000    2.0000    2.0000    1.8204    0.2381    0.6736
    2.0000    2.0000    3.0000    8.0000    2.0000    3.0000    1.9101    0.2451    0.7197
    4.0000    2.0000    2.0000    2.0000    2.0000    2.0000    1.8263    0.2290    0.6748
    4.0000    2.0000    2.0000    2.0000    2.0000    2.0000    1.8204    0.2489    0.7123
    5.0000    2.0000    2.0000    2.0000    2.0000    2.0000    1.8899    0.2576    0.7409
    4.0000    2.0000    2.0000    2.0000    2.0000    2.0000    1.8452    0.2241    0.7809
    4.0000    3.0000    2.0000    2.0000    2.0000    2.0000    1.8662    0.2291    0.7816
    4.0000    2.0000    2.0000    2.0000    2.0000    2.0000    1.8235    0.2496    0.7608
    4.0000    2.0000    2.0000    2.0000    2.0000    2.0000    1.8223    0.3260    0.7341
    4.0000    2.0000    2.0000    2.0000    2.0000    2.0000    1.8222    0.2560    0.7618
    4.0000    2.0000    3.0000    2.0000    2.0000    2.0000    1.8280    0.2519    0.7018
    4.0000    2.0000    1.0000    2.0000    2.0000    2.0000    1.8226    0.2771    0.6986
    4.0000    7.0000    2.0000    2.0000    2.0000    2.0000    1.7894    0.2437    0.7323
    4.0000    2.0000    2.0000    2.0000    2.0000    2.0000    1.8250    0.2458    0.7369
    4.0000    2.0000    2.0000    2.0000    2.0000    2.0000    1.8107    0.2351    0.7265
    4.0000    2.0000    1.0000    2.0000    2.0000    2.0000    1.8201    0.2369    0.7090
    4.0000    2.0000    3.0000    2.0000    2.0000    2.0000    1.8679    0.2343    0.6743
    4.0000    2.0000    2.0000    2.0000    2.0000    2.0000    1.8091    0.2295    0.7627
    3.0000    6.0000    2.0000    2.0000    2.0000    2.0000    1.8217    0.2448    0.7753
    4.0000    2.0000    2.0000    2.0000    3.0000    2.0000    1.8105    0.2572    0.7503
    4.0000    2.0000    2.0000    2.0000    2.0000    2.0000    1.8204    0.3021    0.7314
    4.0000    3.0000    2.0000    2.0000    2.0000    2.0000    1.8242    0.2308    0.7239
    4.0000    2.0000    2.0000    2.0000    2.0000    2.0000    1.8277    0.2216    0.7608
    4.0000    2.0000    2.0000    2.0000    2.0000    2.0000    1.8206    0.2295    0.7644
    4.0000    2.0000    2.0000    2.0000    2.0000    2.0000    1.8248    0.2521    0.6918
    4.0000    2.0000    2.0000    2.0000    2.0000    2.0000    1.8204    0.2293    0.7434
