
T3pop = [    
    4.0000    4.0000    4.0000    4.0000    4.0000    4.0000    4.0000    4.0000    1.2581    0.2196
    4.0000    4.0000    4.0000    4.0000    4.0000    4.0000    4.0000    4.0000    1.2581    0.2196
    4.0000    4.0000    4.0000    4.0000    4.0000    4.0000    4.0000    4.0000    1.2358    0.1960
    4.0000    4.0000    4.0000    4.0000    4.0000    4.0000    4.0000    4.0000    1.2355    0.1970
    4.0000    4.0000    4.0000    4.0000    4.0000    4.0000    4.0000    4.0000    1.2435    0.2323
    4.0000    4.0000    4.0000    4.0000    4.0000    5.0000    4.0000    4.0000    1.2481    0.2287
    4.0000    4.0000    4.0000    3.0000    6.0000    3.0000    4.0000    4.0000    1.2448    0.2904
    4.0000    4.0000    4.0000    4.0000    4.0000    5.0000    4.0000    4.0000    1.3387    0.3272
    4.0000    4.0000    4.0000    4.0000    4.0000    2.0000    4.0000    4.0000    1.3203    0.2553
    3.0000    4.0000    4.0000    4.0000    4.0000    4.0000    4.0000    4.0000    1.2406    0.2416
    4.0000    4.0000    4.0000    2.0000    4.0000    3.0000    4.0000    4.0000    1.2582    0.2471
    4.0000    6.0000    4.0000    4.0000    4.0000    4.0000    4.0000    4.0000    1.2597    0.3637
    4.0000    3.0000    4.0000    5.0000    4.0000    4.0000    4.0000    4.0000    1.1518    0.2243
    4.0000    4.0000    4.0000    4.0000    4.0000    4.0000    4.0000    4.0000    1.2624    0.2835
    4.0000    2.0000    4.0000    3.0000    4.0000    4.0000    4.0000    4.0000    1.2820    0.2239
    3.0000    3.0000    5.0000    5.0000    4.0000    4.0000    4.0000    4.0000    1.2515    0.2121
    4.0000    4.0000    4.0000    3.0000    1.0000    4.0000    4.0000    4.0000    1.2512    0.2488
    5.0000    4.0000    4.0000    4.0000    4.0000    4.0000    4.0000    4.0000    1.2301    0.2025
    4.0000    4.0000    4.0000    1.0000    4.0000    4.0000    4.0000    4.0000    1.2519    0.2877
    4.0000    4.0000    4.0000    4.0000    4.0000    4.0000    4.0000    4.0000    1.2438    0.2911
    4.0000    4.0000    4.0000    4.0000    4.0000    4.0000    4.0000    4.0000    1.2313    0.2184
    4.0000    4.0000    4.0000    4.0000    4.0000    4.0000    4.0000    4.0000    1.2522    0.7314
    4.0000    1.0000    4.0000    3.0000    3.0000    4.0000    4.0000    4.0000    1.2712    0.2030
    4.0000    4.0000    3.0000    4.0000    3.0000    3.0000    3.0000    3.0000    1.3151    0.1283
    4.0000    4.0000    4.0000    4.0000    4.0000    4.0000    4.0000    4.0000    1.2270    0.1897
    4.0000    5.0000    4.0000    4.0000    4.0000    5.0000    4.0000    5.0000    0.9579    0.1838
    2.0000    5.0000    4.0000    4.0000    4.0000    4.0000    4.0000    4.0000    1.2714    0.2173
    4.0000    5.0000    5.0000    2.0000    4.0000    4.0000    4.0000    4.0000    1.2385    0.3449
    4.0000    4.0000    4.0000    4.0000    4.0000    4.0000    4.0000    4.0000    1.2293    0.1984
    3.0000    4.0000    6.0000    3.0000    5.0000    5.0000    4.0000    4.0000    1.2467    0.2284
    4.0000    3.0000    4.0000    4.0000    4.0000    3.0000    4.0000    4.0000    1.2331    0.2329
    2.0000    2.0000    4.0000    4.0000    4.0000    4.0000    4.0000    4.0000    1.3282    0.1759
    4.0000    4.0000    4.0000    4.0000    4.0000    4.0000    4.0000    4.0000    1.2560    0.1977
    4.0000    4.0000    4.0000    4.0000    5.0000    4.0000    4.0000    4.0000    1.2365    0.2892
    6.0000    4.0000    4.0000    4.0000    4.0000    4.0000    4.0000    4.0000    1.2370    0.2901
    3.0000    4.0000    4.0000    4.0000    4.0000    4.0000    4.0000    4.0000    1.2457    0.3033
    4.0000    4.0000    4.0000    4.0000    4.0000    4.0000    4.0000    4.0000    1.2440    0.2912
    4.0000    4.0000    4.0000    1.0000    4.0000    4.0000    4.0000    4.0000    1.2725    0.2461
    4.0000    3.0000    4.0000    3.0000    4.0000    4.0000    4.0000    4.0000    1.2779    0.3620
    5.0000    4.0000    4.0000    4.0000    4.0000    3.0000    4.0000    3.0000    1.3618    0.2158
    1.0000    4.0000    4.0000    4.0000    4.0000    5.0000    4.0000    4.0000    1.2995    0.2932
    4.0000    4.0000    4.0000    4.0000    4.0000    4.0000    4.0000    3.0000    1.2289    0.7023
    3.0000    4.0000    3.0000    4.0000    4.0000    4.0000    4.0000    2.0000    1.3043    0.2413
    2.0000    4.0000    4.0000    4.0000    4.0000    4.0000    4.0000    4.0000    1.2410    0.2655
    4.0000    4.0000    4.0000    4.0000    4.0000    5.0000    4.0000    4.0000    1.2514    0.1698
    4.0000    4.0000    4.0000    4.0000    5.0000    5.0000    4.0000    4.0000    1.2674    0.3001
    4.0000    4.0000    4.0000    4.0000    4.0000    4.0000    4.0000    4.0000    1.2361    0.2353
    2.0000    4.0000    4.0000    4.0000    4.0000    4.0000    4.0000    4.0000    1.2489    0.3083
    4.0000    3.0000    4.0000    4.0000    4.0000    6.0000    4.0000    4.0000    1.2373    0.4058
    3.0000    6.0000    5.0000    4.0000    4.0000    5.0000    4.0000    3.0000    1.0426    0.3378
    4.0000    3.0000    5.0000    4.0000    3.0000    5.0000    5.0000    5.0000    1.1427    0.3461
    5.0000    5.0000    3.0000    5.0000    5.0000    4.0000    4.0000    4.0000    1.2391    0.2500
    3.0000    3.0000    4.0000    4.0000    3.0000    3.0000    4.0000    5.0000    1.2472    0.3083
    4.0000    3.0000    3.0000    3.0000    3.0000    3.0000    4.0000    4.0000    1.2582    0.2391
    5.0000    3.0000    3.0000    4.0000    4.0000    5.0000    4.0000    5.0000    1.2458    0.6845
    4.0000    5.0000    5.0000    4.0000    5.0000    5.0000    4.0000    5.0000    1.2581    0.2196
    6.0000    1.0000    6.0000    1.0000    1.0000    1.0000    2.0000    6.0000    1.2828    0.1985
    1.0000    1.0000    5.0000    6.0000    6.0000    2.0000    2.0000    1.0000    1.3280    0.5844
    4.0000    3.0000    4.0000    4.0000    4.0000    4.0000    3.0000    4.0000    1.2543    0.2858
    5.0000    1.0000    5.0000    4.0000    4.0000    4.0000    5.0000    4.0000    1.3789    0.4671
    4.0000    4.0000    4.0000    4.0000    4.0000    4.0000    4.0000    4.0000    1.2642    0.2002
    4.0000    4.0000    4.0000    4.0000    4.0000    4.0000    4.0000    4.0000    1.2626    0.2054
    4.0000    4.0000    4.0000    4.0000    4.0000    4.0000    4.0000    4.0000    1.2624    0.2055
    4.0000    4.0000    4.0000    4.0000    4.0000    4.0000    4.0000    4.0000    1.2532    0.1995
    4.0000    4.0000    4.0000    4.0000    4.0000    4.0000    4.0000    4.0000    1.2526    0.1991
    4.0000    4.0000    4.0000    4.0000    4.0000    4.0000    4.0000    4.0000    1.2528    0.2025
    4.0000    4.0000    4.0000    4.0000    4.0000    4.0000    4.0000    4.0000    1.2524    0.1995
    4.0000    4.0000    4.0000    4.0000    4.0000    4.0000    4.0000    4.0000    1.2511    0.2015
    4.0000    4.0000    4.0000    4.0000    4.0000    4.0000    4.0000    4.0000    1.2626    0.2057
    4.0000    4.0000    4.0000    5.0000    4.0000    5.0000    4.0000    4.0000    1.2524    0.2005
    4.0000    4.0000    4.0000    4.0000    4.0000    4.0000    4.0000    4.0000    1.2525    0.1990
    4.0000    4.0000    4.0000    4.0000    4.0000    4.0000    4.0000    4.0000    1.2528    0.2015
    4.0000    4.0000    4.0000    4.0000    4.0000    4.0000    4.0000    4.0000    1.2536    0.1987
    4.0000    4.0000    4.0000    4.0000    4.0000    4.0000    4.0000    4.0000    1.2521    0.2032
    4.0000    4.0000    4.0000    4.0000    4.0000    4.0000    4.0000    4.0000    1.2526    0.2000
    4.0000    4.0000    4.0000    4.0000    4.0000    3.0000    4.0000    4.0000    1.2524    0.2005
    4.0000    4.0000    4.0000    4.0000    4.0000    4.0000    4.0000    4.0000    1.2529    0.2068
    4.0000    4.0000    4.0000    4.0000    4.0000    4.0000    4.0000    4.0000    1.2526    0.2017
    4.0000    4.0000    4.0000    3.0000    4.0000    4.0000    4.0000    4.0000    1.2525    0.2009
