
T3pop = [    
    4.0000    4.0000    4.0000    4.0000    4.0000    4.0000    4.0000    4.0000    1.2652    0.5050    0.4847    0.5043    0.1666
    4.0000    4.0000    4.0000    4.0000    4.0000    4.0000    4.0000    4.0000    1.3197    0.5167    0.4825    0.4990    0.1852
    4.0000    4.0000    4.0000    4.0000    4.0000    4.0000    4.0000    4.0000    1.2630    0.5046    0.4828    0.5041    0.1706
    4.0000    4.0000    4.0000    4.0000    4.0000    4.0000    4.0000    4.0000    1.2588    0.5167    0.4881    0.4952    0.1713
    4.0000    4.0000    4.0000    4.0000    4.0000    4.0000    4.0000    4.0000    1.3228    0.5088    0.4859    0.4907    0.1843
    4.0000    4.0000    4.0000    4.0000    4.0000    4.0000    4.0000    4.0000    1.2561    0.5119    0.4868    0.4917    0.1719
    4.0000    4.0000    4.0000    4.0000    4.0000    4.0000    4.0000    4.0000    1.3242    0.5171    0.4833    0.5022    0.1777
    4.0000    4.0000    4.0000    4.0000    4.0000    4.0000    4.0000    4.0000    1.2585    0.5020    0.4828    0.4970    0.1707
    4.0000    4.0000    4.0000    4.0000    4.0000    4.0000    4.0000    4.0000    1.2732    0.5024    0.4896    0.5031    0.1878
    4.0000    4.0000    4.0000    4.0000    4.0000    4.0000    4.0000    4.0000    1.2733    0.5046    0.4825    0.4952    0.1884
    4.0000    4.0000    4.0000    4.0000    4.0000    4.0000    4.0000    4.0000    1.2651    0.5007    0.4834    0.5049    0.1643
    4.0000    4.0000    5.0000    4.0000    4.0000    4.0000    4.0000    6.0000    0.9649    0.6129    0.3054    0.5618    0.1671
    4.0000    4.0000    4.0000    4.0000    4.0000    4.0000    4.0000    4.0000    1.2722    0.5154    0.4896    0.4808    0.1778
    4.0000    4.0000    4.0000    4.0000    4.0000    4.0000    4.0000    4.0000    1.2748    0.5088    0.4848    0.5025    0.1644
    4.0000    3.0000    4.0000    6.0000    3.0000    4.0000    4.0000    4.0000    1.3719    0.5033    0.4840    0.5071    0.1738
    4.0000    4.0000    4.0000    4.0000    4.0000    4.0000    4.0000    4.0000    1.2642    0.5164    0.4841    0.4945    0.1782
    4.0000    4.0000    4.0000    4.0000    4.0000    4.0000    4.0000    4.0000    1.2583    0.5059    0.4895    0.4954    0.1698
    4.0000    4.0000    4.0000    4.0000    4.0000    4.0000    4.0000    4.0000    1.2743    0.5051    0.4784    0.4950    0.1719
    4.0000    4.0000    4.0000    4.0000    4.0000    4.0000    4.0000    4.0000    1.2464    0.5049    0.4858    0.5024    0.1665
    4.0000    4.0000    4.0000    4.0000    4.0000    4.0000    4.0000    4.0000    1.2565    0.5099    0.4841    0.4919    0.1713
    4.0000    4.0000    4.0000    4.0000    4.0000    4.0000    4.0000    4.0000    1.2845    0.5089    0.4878    0.4816    0.1954
    4.0000    4.0000    4.0000    4.0000    4.0000    4.0000    4.0000    4.0000    1.3197    0.5165    0.4824    0.4899    0.1881
    4.0000    5.0000    3.0000    4.0000    5.0000    4.0000    4.0000    4.0000    1.3117    0.5035    0.4891    0.4969    0.1965
    4.0000    4.0000    4.0000    4.0000    4.0000    4.0000    4.0000    4.0000    1.3207    0.5167    0.4890    0.4956    0.1706
    4.0000    4.0000    4.0000    4.0000    4.0000    4.0000    5.0000    4.0000    1.3659    0.5237    0.4889    0.5307    0.1916
    5.0000    3.0000    4.0000    5.0000    4.0000    3.0000    5.0000    5.0000    1.3266    0.5257    0.4678    0.5086    0.1819
    5.0000    4.0000    3.0000    4.0000    2.0000    5.0000    4.0000    3.0000    1.3275    0.5025    0.4874    0.4929    0.1967
    3.0000    4.0000    5.0000    4.0000    4.0000    5.0000    4.0000    4.0000    0.8524    0.6367    0.6264    0.6335    0.4834
    4.0000    3.0000    4.0000    4.0000    5.0000    4.0000    5.0000    5.0000    1.3234    0.5215    0.4881    0.5042    0.1834
    4.0000    4.0000    3.0000    4.0000    5.0000    5.0000    4.0000    4.0000    1.3522    0.4204    0.5449    0.5489    0.1742
    4.0000    4.0000    4.0000    1.0000    4.0000    4.0000    4.0000    4.0000    1.3162    0.4460    0.2785    0.5037    0.5009
    4.0000    4.0000    3.0000    6.0000    4.0000    4.0000    4.0000    4.0000    1.3367    0.4751    0.4894    0.5394    0.3355
    4.0000    4.0000    3.0000    6.0000    4.0000    4.0000    4.0000    4.0000    1.4575    0.5280    0.4908    0.5223    0.5036
    4.0000    4.0000    1.0000    1.0000    4.0000    4.0000    4.0000    4.0000    1.2190    0.2410    0.2490    0.2901    0.2539
    4.0000    4.0000    1.0000    1.0000    4.0000    4.0000    4.0000    4.0000    1.2158    0.2500    0.2500    0.2500    0.2500
    3.0000    4.0000    6.0000    5.0000    4.0000    4.0000    4.0000    4.0000    0.9777    0.6150    0.1913    0.1715    0.6127
    4.0000    4.0000    1.0000    3.0000    6.0000    4.0000    4.0000    4.0000    1.0504    0.2501    0.2465    0.2512    0.2588
    4.0000    4.0000    4.0000    1.0000    4.0000    4.0000    4.0000    4.0000    1.2324    0.5169    0.3432    0.5013    0.4982
    5.0000    4.0000    6.0000    4.0000    4.0000    2.0000    4.0000    4.0000    1.3283    0.2413    0.2672    0.4858    0.2273
    4.0000    4.0000    3.0000    5.0000    4.0000    4.0000    4.0000    4.0000    1.2907    0.1576    0.5798    0.3053    0.1793
    4.0000    4.0000    3.0000    2.0000    4.0000    4.0000    4.0000    4.0000    1.3393    0.1515    0.5021    0.4583    0.3232
    4.0000    4.0000    2.0000    4.0000    4.0000    4.0000    3.0000    4.0000    1.4090    0.5106    0.4908    0.5220    0.5179
    4.0000    4.0000    4.0000    6.0000    4.0000    4.0000    4.0000    4.0000    1.3307    0.4683    0.4996    0.4945    0.4997
    4.0000    4.0000    2.0000    1.0000    4.0000    4.0000    2.0000    4.0000    1.2158    0.6898    0.2348    0.4870    0.2537
    4.0000    4.0000    1.0000    1.0000    4.0000    4.0000    4.0000    4.0000    1.2236    0.2500    0.2500    0.2500    0.2500
    5.0000    4.0000    4.0000    5.0000    4.0000    3.0000    4.0000    4.0000    1.2598    0.5084    0.1484    0.2973    0.2494
    5.0000    4.0000    3.0000    4.0000    4.0000    5.0000    4.0000    4.0000    1.3260    0.2421    0.2488    0.2268    0.4390
    4.0000    4.0000    1.0000    1.0000    4.0000    4.0000    4.0000    4.0000    1.2183    0.2440    0.2896    0.2928    0.7358
    4.0000    4.0000    6.0000    3.0000    4.0000    4.0000    3.0000    4.0000    1.2086    0.4901    0.4205    0.5043    0.4932
    4.0000    4.0000    1.0000    5.0000    4.0000    4.0000    4.0000    4.0000    1.3415    0.2011    0.2065    0.3504    0.3227
    4.0000    4.0000    1.0000    1.0000    4.0000    4.0000    4.0000    4.0000    1.2252    0.2500    0.2500    0.2500    0.2500
    3.0000    3.0000    6.0000    4.0000    3.0000    5.0000    4.0000    4.0000    0.9754    0.6838    0.5163    0.4620    0.2701
    4.0000    4.0000    3.0000    1.0000    4.0000    4.0000    4.0000    4.0000    1.3458    0.4209    0.5289    0.5242    0.5007
    4.0000    4.0000    3.0000    2.0000    4.0000    4.0000    4.0000    4.0000    1.3635    0.4561    0.2305    0.2467    0.2571
    3.0000    5.0000    3.0000    3.0000    4.0000    5.0000    4.0000    4.0000    1.1829    0.4705    0.2912    0.4674    0.5376
    1.0000    5.0000    5.0000    6.0000    6.0000    6.0000    1.0000    6.0000    1.3246    0.2177    0.2731    0.4713    0.4329
    2.0000    3.0000    4.0000    4.0000    4.0000    3.0000    3.0000    4.0000    0.9719    0.6825    0.5025    0.5394    0.5996
    3.0000    5.0000    1.0000    1.0000    4.0000    4.0000    4.0000    4.0000    1.2162    0.2498    0.2498    0.2498    0.2498
    5.0000    2.0000    4.0000    2.0000    4.0000    6.0000    5.0000    4.0000    1.2237    0.2664    0.2549    0.1836    0.4714
    5.0000    4.0000    6.0000    1.0000    5.0000    4.0000    2.0000    5.0000    1.2521    0.4625    0.3162    0.5198    0.4636
