

DLFS2100_VFIF_T25 = [
    0.2209592445881285, 0.000009961846007572191
0.23742265631335982, 0.000017079389479637046
0.2640172760074358, 0.000040747890326292124
0.28682243273027386, 0.0000955454203644125
0.31722877829176804, 0.00029591295829432807
0.33877131075981687, 0.0006938702573059011
0.3577790534770669, 0.0014657896954484884
0.37552258173265773, 0.0030431119875088445
0.39326292957450837, 0.006101700397154053
0.4173275301383958, 0.013817604536338199
0.4413841796679331, 0.0286834458303777
0.471755540678287, 0.06058133570191253
0.5122231251063452, 0.12142274496200207
0.5678390201781351, 0.2349813679546396
0.6171290723210183, 0.39569559055477005
0.676523298915956, 0.6898044470534824
0.7296012238232074, 1.1615158729454935
0.7763660274565118, 1.9560142508562877
0.8193381877048386, 3.1266373721962113
0.8623119381600355, 5.085570482694716];

DLFS2100_VFIF_T75 = [
    0.12879244460911918, 0.000010512507624135731
0.14018945724649323, 0.000015146433295703198
0.1528618157936166, 0.000025081770661886733
0.16932840793258797, 0.00004452501115075717
0.18326498094137064, 0.00007502378566004982
0.20859379596691738, 0.00017287332135784773
0.2301236067800061, 0.00035268660037726744
0.25038761292456535, 0.0006949381579847646
0.26938581440059545, 0.0013225118523470289
0.2934472345507428, 0.00289246509227238
0.3225671027543975, 0.006900520177862374
0.35420108801954053, 0.014574035064958612
0.3832907422926648, 0.02498140820638141
0.41364461102744865, 0.04357136279155525
0.4465205478580711, 0.07339271652773421
0.47813386043390405, 0.12362728255728171
0.5110097972645262, 0.20824095283012864
0.5527272842924137, 0.3631319809318701
0.5969684296230097, 0.622281815059737
0.6525763736604495, 1.1039189173138235
0.714500619385576, 2.0274626459459744
0.7587354038886919, 3.240774554903667
0.7966491160835114, 4.749076550974476];

DLFS2100_VFIF_T125 = [
    0.045457653586155035, 0.000010346164581193906
0.05687374870596916, 0.000018368064341322598
0.07208566762450128, 0.000035571492932574155
0.09362501967881004, 0.00008055695743674163
0.1138794845821493, 0.00014299481019492194
0.13793454390481658, 0.0002917172943901221
0.1594627645110353, 0.0005848796320507764
0.17972359024185464, 0.0011130389707834846
0.19744803601500527, 0.0018753256101265649
0.21897148600061386, 0.0035687080142545124
0.24807068151495837, 0.0067902865255235235
0.27084562430726616, 0.011439742511722166
0.29867583473934134, 0.020303748376503398
0.3328255272728429, 0.03862914909306628
0.3517935148183428, 0.052819216894648725
0.39225950903953094, 0.10403907854927773
0.42007381740290606, 0.1551635973565212
0.46179130443079336, 0.2705753297361824
0.5009771821216223, 0.4401279846607053
0.543954112990559, 0.7412325329131835
0.5806067911374592, 1.1053021796421985
0.612202611437722, 1.537514050678842
0.6539073768106493, 2.3327282318595515
0.7057194970493712, 3.7936697347503863
0.7423610437481813, 5.00828958810225];

DLFS2100_VC = [
    0, 87.80177890724269
0.22784810126582772, 82.97428144049667
0.41772151898733373, 78.27368793527738
0.6455696202531699, 73.5732552715809
1.0632911392404956, 65.82407154230935
1.4810126582278516, 58.83727663133514
2.0126582278480925, 52.86748266932591
2.6582278481012644, 47.66056005018256
3.303797468354425, 43.851350264584305
4.2911392405063316, 38.64587521914657
5.240506329113925, 35.092081771830216
6.4936708860759484, 31.285445450597525
7.784810126582282, 28.368423592234564
9.835443037974686, 26.08994257957634
13.02531645569621, 23.81628681260354
15.911392405063294, 22.17666832869574
18.531645569620252, 20.790053560227104
21.227848101265824, 19.40376047480417
23.848101265822788, 18.525404918533752
28.70886075949366, 16.004696572467143
29.848101265822788, 15.374197802904789];


