EPC2021CossVds = [0, 2819.9651210305874
1.039999999999993, 2599.7861814178277
2.559999999999996, 2339.051013205379
4.240000000000001, 2121.6432830591857
6.320000000000002, 1893.4063039488617
8.560000000000002, 1703.5146833674403
10.320000000000002, 1570.5066352177053
13.200000000000003, 1412.9989468396818
17.919999999999998, 1250.7850438878454
22.479999999999997, 1172.027481338356
27.6, 1125.3425551375385
36.00000000000001, 1063.0910652669713
42.160000000000004, 1020.7453620159996
47.76, 988.0865166772099
56.4, 948.7284411665377
62.08, 918.3737840879359
66.8, 888.9903271614319
72.48000000000002, 860.5469967454087
78.00000000000001, 833.0137134023817
79.84000000000002, 833.0137134023817];

EPC2021IsdVsd_T25 = [0, 0
0, 0.25127490172436234
0.09869116869381292, 0.27494979901110295
0.1692226335272344, 0.29862469629784655
0.23975409836065587, 0.32229959358458515
0.3102855631940773, 0.3459744908713291
0.3808170280274988, 0.3696493881580736
0.45134849286092027, 0.4251516955713117
0.5218799576943417, 0.4806540029846378
0.5924114225277634, 0.4406740800182943
0.6629428873611847, 0.4643489773050385
0.7334743521946062, 0.4880238745917746
0.8040058170280275, 0.5116987718785279
0.8745372818614491, 0.5353736691652631
0.9450687466948705, 0.5590485664519982
1.015600211528292, 0.6782056941183233
1.0861316763617135, 0.6063983610254923
1.1566631411951351, 0.6300732583122357
1.2271946060285566, 0.685575565725487
1.297726070861978, 0.6774230528857058
1.3682575356953994, 1.178509102070383
1.438789000528821, 1.4249758702428825
1.5093204653622423, 2.2761634308193592
1.5798519301956642, 3.318315452155086
1.6503833950290854, 5.347117187413277
1.7209148598625068, 7.471401153051005
1.7914463246959282, 10.35954296172549
1.8619777895293492, 14.266161894448915
1.9359618435504213, 18.964203839117417
2.0030407191961928, 25.516760053561093
2.077236156228753, 31.622973536246853
2.1441036488630356, 38.02454091267121
2.2096480404254075, 45.815966277097914
2.2736925603273126, 54.64425702049895
2.3356072624713557, 62.80704946384476
2.393038230628053, 69.89151278621524
2.4454653622422, 77.97560398353623
2.4967609730301428, 85.93575013035606
2.5480565838180858, 94.04906568840991
2.5985507006874666, 102.62162044724175
2.6609781714554335, 110.40558988575907
2.7147673188789003, 119.24668932336829
2.765208002820377, 127.53330991236854
2.8118015159527587, 135.85802556336662
2.862242199894236, 144.1533986901517
2.9135378106821785, 152.5730530706733
2.9648334214701224, 159.96428426148145
3.016129032258065, 168.64651477554696
3.0665697161995413, 177.3255408085656
3.113163229331922, 185.60357625804474
3.162748986426934, 193.92929629862462
3.20976996298255, 202.06380394543265
3.265063614023082, 210.2660135770534
3.3166358187907634, 219.21159954094904
3.363229331923145, 227.65301569574441
3.4136700158646214, 236.34954680433262
3.464110699806098, 245.16861344190792
3.511853020888418, 253.16549453983347
3.5664253274022464, 261.66733847854937
3.617997532169927, 270.89437859866206
3.6632428914290363, 278.8595632492634
3.703581816121477, 286.8427220584809
3.752648510488277, 295.04990021436345
3.798387096774192, 303.05423608649414
3.8488277807156703, 310.72005167404427
3.895421293848052, 319.25482823187747
3.9444879882148514, 327.68540449502893
3.984826912907293, 335.60315972519527
4.030072272166403, 343.6437508551733
4.080512956107879, 352.0849996117051
4.130953640049357, 359.8289628580479
4.176198999308466, 367.82287378650716
4.216537924000907, 375.9406870231831
4.265085555639495, 383.93429574127623
4.3054244803319355, 392.02325445778234
4.349814912744579, 399.89235513296865
4.395553499030494, 407.55492524397863
4.445139256125506, 415.3438229670911
4.48446589106293, 418.367896513851];

EPC2021IsdVsd_T125 = [1.28, 0
1.284902168164992, 4.174133640024646
1.3530291512427288, 4.459577572084111
1.425965097831835, 5.208133148520547
1.4964965626652567, 6.441249630615445
1.567028027498678, 7.865330573469556
1.6375594923320995, 10.435198280878717
1.7080909571655212, 13.705269011071538
1.7786224219989426, 18.152953915946014
1.849153886832364, 25.369623501828645
1.918553830839581, 32.0036588912689
1.970980962453728, 40.005373262380076
2.0234080940678756, 48.514219969845655
2.07741935483871, 56.558598390856375
2.118949070495871, 65.37175642158753
2.159842074900245, 73.53329973713602
2.189628503437335, 80.97499824342758
2.2295963335096074, 89.3033249141128
2.2595187731359077, 97.6282797054875
2.2915785298783713, 104.85113215710774
2.327584102835293, 113.62114190572876
2.372467762274743, 121.90398959540232
2.403496226142974, 130.71345951294026
2.437887601557618, 139.3184042052846
2.4635354069515887, 147.08494447718525
2.4978296315882242, 155.21244540758022
2.5192028027498683, 162.8693376427908
2.553302725830489, 171.2482098930827
2.5762691697514546, 179.02817246212268
2.6089701216287677, 187.26653452311834
2.63996121981315, 195.34677696708368
2.678299345584346, 203.03999761475964
2.705683721135201, 212.20288533958546
2.740873120797765, 221.02558520274013
2.7670493837204573, 230.1908727078153
2.7981226864093074, 238.6374027875878
2.8256024779028475, 247.3116391804916
2.856323475572551, 255.9667653665945
2.880409395381632, 263.84315719535175
2.909457478005866, 272.92902405512376
2.9391856160761507, 281.40509382449676
2.9792603120042305, 289.9661943027887
3.0057712646951145, 299.66890272084913
3.0358581133303493, 308.3806701373312
3.067917870072815, 317.6556560634175
3.0920037898818977, 326.02802503331316
3.12467420865755, 335.3625280061028
3.1535279897257684, 344.4498452367305
3.183332994345687, 353.13544211148246
3.2020756213643566, 362.15460302081135
3.248090801630012, 370.7097796594794
3.2795122645730777, 380.6910910348245
3.3061465240206656, 389.12939836472356
3.337184596207599, 398.0770234524861
3.362867632103486, 407.3537162101617
3.3921025431469634, 415.9961022583974];

