% working on the updated SC Fib converter from DC

Vg = 10.5;
Vb1 = 4;
Lc = 0.5e-6;
RL = 10e-3;
Co = 1e-6;
Rin = 10e-3;
Cd = 1e-9;
Rb = 10e-3;
ron = 5e-3;
Coss = 1e-9;
Coss12 = 1e-9;
Vf = 0.7;
Rd = 10e-3;
ts = [0.5 0.5]*.5e-6;


[0 1 1 0 1 0 1 0 0 1 0 1 1 0 1 0 0 0 0 0 0 0 0 0 0 0 0 0 0 0 0 0; 
 0 1 1 1 0 1 1 0 0 1 1 0 0 0 1 0 0 0 0 0 0 0 0 0 0 0 0 0 0 0 0 0;
 1 0 0 1 0 1 1 0 0 1 1 0 0 1 0 1 0 0 0 0 0 0 0 0 0 0 0 0 0 0 0 0;
 0 1 1 1 0 1 1 0 0 1 1 0 0 0 1 0 0 0 0 0 0 0 0 0 0 0 0 0 0 0 0 0]