CossVds = [0, 156.4050360567112
19.72742614836981, 146.75566754175398
42.037922085289196, 137.70161433815142
54.7964205182023, 113.75525811737464
57.995972373888485, 92.4889749248088
62.25476153333424, 78.87699191976952
70.75943443053053, 70.55902995213488
78.20487002396719, 60.17456718409868
83.52587466140999, 51.318428530692216
98.3998695276048, 48.92507060780223
115.39829534979368, 46.6433326684359
130.27328294073433, 43.76568424335417
147.2756796619063, 39.150380234372506
162.15662360132177, 33.388457682799775
183.41086040871895, 28.474540981785122
202.53570263639332, 26.295832138188473
222.72176761731885, 24.673517530512946
248.21990271297497, 22.785641238468287
270.5284132004028, 22.071575247580444
301.33514387417927, 21.210378729588204
324.70438075248535, 21.042214431166013
365.06956164111585, 20.709875083448424
394.8125877497766, 20.382784681482345
429.8656985236766, 20.382784681482327
457.4842936763433, 20.060860323764572
487.2263270602584, 20.060860323764572
522.2814232836499, 19.432184661085945
553.085672145562, 19.432184661085945
591.3254293534526, 19.432184661085945
630.628394764086, 19.12527401743109
648.6860578900344, 19.12527401743107];

CossVds(:,2) = CossVds(:,2)*1e-12;