% This code runs solutions of 

Coss_adj = [0 0 0 0 0];
Ron_adj = [0 0 0 0 0];
L_adj = [0];
RL_adj = [0];


%% Updated runs to try and find some losses within the converter

x = [
8 10 1 1 1 31 1  1.0000    1.0000    1.0000    1.0000    1.0000    1.0000    2.0000    2.0000  0.5
8 10 1 1 1 31 1  1.0000    1.0000    1.0000    1.0000    1.0000    1.0000    2.0000    2.0000   0.8
8 10 1 1 1 31 1  1.0000    1.0000    1.0000    1.0000    1.0000    1.0000    2.0000    2.0000   1.0
8 10 1 1 1 31 1  1.0000    1.0000    1.0000    1.0000    1.0000    1.0000    2.0000    2.0000   1.2
% 8 10 1 1 1 31 1  1.0000    1.0000    1.0000    1.0000    1.0000    1.0000    2.0000    2.0000   0.266
% 8 10 1 1 1 31 1  1.0000    1.0000    1.0000    1.0000    1.0000    1.0000    2.0000    2.0000   0.512
% 8 10 1 1 1 31 1  1.0000    1.0000    1.0000    1.0000    1.0000    1.0000    2.0000    2.0000   0.7
% 8 10 1 1 1 31 1  1.0000    1.0000    1.0000    1.0000    1.0000    1.0000    2.0000    2.0000   0.906
% 8 10 1 1 1 31 1  1.0000    1.0000    1.0000    1.0000    1.0000    1.0000    2.0000    2.0000   1.03
% 8 10 1 1 1 11 0.5   1.0000    1.0000    1.0000    1.0000    1.0000    1.0000    2.0000    2.0000   2.0000
% 8 10 1 1 1 11 0.5   1.0000    1.0000    1.0000    1.0000    1.0000    1.0000    2.0000    2.0000   3.0000
% 8 10 1 1 1 11 0.5   1.0000    1.0000    1.0000    1.0000    1.0000    1.0000    2.0000    2.0000   4.0000
% 8 10 1 1 1 11 0.5   1.0000    1.0000    1.0000    1.0000    1.0000    1.0000    2.0000    2.0000   5.0000
% 8 10 1 1 1 11 0.5   1.0000    1.0000    1.0000    1.0000    1.0000    1.0000    2.0000    2.0000   6.0000
% 8 10 1 1 1 11 0.5   1.0000    1.0000    1.0000    1.0000    1.0000    1.0000    2.0000    2.0000   7.0000
% 8 10 1 1 1 11 0.5   1.0000    1.0000    1.0000    1.0000    1.0000    1.0000    2.0000    2.0000   8.0000
% 8 10 1 1 1 11 0.5   1.0000    1.0000    1.0000    1.0000    1.0000    1.0000    2.0000    2.0000   9.0000
% 8 10 1 1 1 11 0.5   1.0000    1.0000    1.0000    1.0000    1.0000    1.0000    2.0000    2.0000   10.0000
];





%% Updated Runs for 7/13/2023
%{
x = [
9	9	10	1	4	6	0.5	1	1	1	1	1	1	2	2	1
8	9	10	1	4	6	0.5	1	1	1	1	1	1	2	2	1
8	9	11	1	4	6	0.5	1	1	1	1	1	1	2	2	1
8	9	11	10	4	6	0.5	1	1	1	1	1	1	2	2	1
8	9	11	10	3	6	0.5012	1	1	1	1	1	1	2	2	1
8	9	11	10	3	28	0.5012	1	1	1	1	1	1	2	2	1
15	9	11	10	3	28	0.5012	1	1	1	1	1	1	2	2	1
15	9	12	10	3	28	0.5012	1	1	1	1	1	1	2	2	1
15	9	12	11	3	28	0.5012	1	1	1	1	1	1	2	2	1
6	9	12	11	3	28	0.5012	1	1	1	1	1	1	2	2	1
6	9	4	11	3	28	0.5012	1	1	1	1	1	1	2	2	1
6	9	4	12	3	28	0.5012	1	1	1	1	1	1	2	2	1
6	9	3	12	3	28	0.5012	1	1	1	1	1	1	2	2	1
6	9	3	4	3	28	0.5012	1	1	1	1	1	1	2	2	1
6	9	3	3	3	28	0.5013	1	1	1	1	1	1	2	2	1
9	9	10	1	4	6	0.5	1	1	1	1	1	1	2	2	2
8	9	10	1	4	6	0.5	1	1	1	1	1	1	2	2	2
8	18	10	1	4	6	0.5	1	1	1	1	1	1	2	2	2
8	18	11	1	4	6	0.5	1	1	1	1	1	1	2	2	2
8	18	11	10	4	6	0.5	1	1	1	1	1	1	2	2	2
8	18	11	10	3	6	0.5001	1	1	1	1	1	1	2	2	2
8	18	11	10	3	28	0.5001	1	1	1	1	1	1	2	2	2
8	10	11	10	3	28	0.5001	1	1	1	1	1	1	2	2	2
8	10	12	10	3	28	0.5001	1	1	1	1	1	1	2	2	2
8	10	12	11	3	28	0.5001	1	1	1	1	1	1	2	2	2
8	10	4	11	3	28	0.5001	1	1	1	1	1	1	2	2	2
8	10	4	12	3	28	0.5001	1	1	1	1	1	1	2	2	2
8	10	3	12	3	28	0.5001	1	1	1	1	1	1	2	2	2
8	10	3	4	3	28	0.5001	1	1	1	1	1	1	2	2	2
8	10	3	3	3	28	0.5001	1	1	1	1	1	1	2	2	2
9	9	10	1	4	6	0.5	1	1	1	1	1	1	2	2	3
8	9	10	1	4	6	0.5	1	1	1	1	1	1	2	2	3
8	18	10	1	4	6	0.5	1	1	1	1	1	1	2	2	3
8	18	11	1	4	6	0.5001	1	1	1	1	1	1	2	2	3
8	18	11	10	4	6	0.5001	1	1	1	1	1	1	2	2	3
8	18	11	10	3	6	0.5001	1	1	1	1	1	1	2	2	3
8	18	11	10	3	28	0.5001	1	1	1	1	1	1	2	2	3
8	5	11	10	3	28	0.5001	1	1	1	1	1	1	2	2	3
8	5	12	10	3	28	0.5001	1	1	1	1	1	1	2	2	3
8	5	12	11	3	28	0.5001	1	1	1	1	1	1	2	2	3
8	10	12	11	3	28	0.5001	1	1	1	1	1	1	2	2	3
8	10	4	11	3	28	0.5001	1	1	1	1	1	1	2	2	3
8	10	4	12	3	28	0.5001	1	1	1	1	1	1	2	2	3
8	10	3	12	3	28	0.5001	1	1	1	1	1	1	2	2	3
8	10	3	4	3	28	0.5001	1	1	1	1	1	1	2	2	3
8	10	3	3	3	28	0.5001	1	1	1	1	1	1	2	2	3
9	9	10	1	4	6	0.5	1	1	1	1	1	1	2	2	4
9	18	10	1	4	6	0.5	1	1	1	1	1	1	2	2	4
9	18	11	1	4	6	0.5	1	1	1	1	1	1	2	2	4
9	18	11	10	4	6	0.5	1	1	1	1	1	1	2	2	4
9	18	11	10	3	6	0.5	1	1	1	1	1	1	2	2	4
9	18	11	10	3	28	0.5	1	1	1	1	1	1	2	2	4
8	18	11	10	3	28	0.5	1	1	1	1	1	1	2	2	4
8	5	11	10	3	28	0.5	1	1	1	1	1	1	2	2	4
8	5	12	10	3	28	0.5	1	1	1	1	1	1	2	2	4
8	5	12	11	3	28	0.5	1	1	1	1	1	1	2	2	4
8	10	12	11	3	28	0.5	1	1	1	1	1	1	2	2	4
8	10	4	11	3	28	0.5	1	1	1	1	1	1	2	2	4
8	10	4	12	3	28	0.5001	1	1	1	1	1	1	2	2	4
8	11	4	12	3	28	0.5	1	1	1	1	1	1	2	2	4
8	11	3	12	3	28	0.5001	1	1	1	1	1	1	2	2	4
8	11	3	4	3	28	0.5001	1	1	1	1	1	1	2	2	4
8	12	3	4	3	28	0.5001	1	1	1	1	1	1	2	2	4
8	12	3	3	3	28	0.5001	1	1	1	1	1	1	2	2	4
9	9	10	1	4	6	0.5	1	1	1	1	1	1	2	2	5
9	18	10	1	4	6	0.5	1	1	1	1	1	1	2	2	5
9	18	11	1	4	6	0.5	1	1	1	1	1	1	2	2	5
9	18	11	10	4	6	0.5	1	1	1	1	1	1	2	2	5
9	18	11	10	3	6	0.5	1	1	1	1	1	1	2	2	5
9	18	11	10	3	28	0.5	1	1	1	1	1	1	2	2	5
9	5	11	10	3	28	0.5	1	1	1	1	1	1	2	2	5
9	5	12	10	3	28	0.5	1	1	1	1	1	1	2	2	5
9	5	12	11	3	28	0.5	1	1	1	1	1	1	2	2	5
9	10	12	11	3	28	0.5	1	1	1	1	1	1	2	2	5
9	10	4	11	3	28	0.5	1	1	1	1	1	1	2	2	5
9	10	4	12	3	28	0.5	1	1	1	1	1	1	2	2	5
9	11	4	12	3	28	0.5	1	1	1	1	1	1	2	2	5
9	11	3	12	3	28	0.5001	1	1	1	1	1	1	2	2	5
9	11	3	4	3	28	0.5001	1	1	1	1	1	1	2	2	5
9	12	3	4	3	28	0.5001	1	1	1	1	1	1	2	2	5
9	12	3	3	3	28	0.5001	1	1	1	1	1	1	2	2	5
9	4	3	3	3	28	0.5001	1	1	1	1	1	1	2	2	5



]
